{
	"info": {
		"matlab_name": "5_gestures_demo",
		"f_sample": 20,
		"window_length": 1500,
		"noise_th": 15,
		"ll_th": -60,
		"sep_filter": 0
	},
	"models": [
		{
			"gesture": 1,
			"LL": [-1859.020738,-1411.489792,-1327.670579,-1289.328592,-1266.612394,-1250.752564,-1240.221114,-1234.169827,-1231.076875,-1229.500192,-1228.615406,-1228.063053,-1227.690643,-1227.427244,-1227.235123,-1227.091902,-1226.983368],
			"prior": [1,0,0,0,0,0,0,0],
			"transmat": [
				[0.3786334599,0.6213665401,0,0,0,0,0,0],
				[0,0.6037463491,0.3962536509,0,0,0,0,0],
				[0,0,0.4546639361,0.5453360639,0,0,0,0],
				[0,0,0,0.5925855607,0.4074144393,0,0,0],
				[0,0,0,0,0.5240005704,0.4759994296,0,0],
				[0,0,0,0,0,0.6404079765,0.3595920235,0],
				[0,0,0,0,0,0,0.5523261107,0.4476738893],
				[0,0,0,0,0,0,0,1]
			],
			"obsmat": [
				[0.6245019425,0.1674255944,0.05484971503,0.02134090306,8.344233403e-54,0.131881845,6.999834437e-50,1.106241584e-14],
				[0.08138757538,0.4328587718,0.1876491505,0.02039980081,2.191303796e-10,0.2640700674,5.617071153e-21,0.01363463387],
				[0.003877681698,0.007530130473,0.7277137362,0.1950374283,0.00822957554,0.05308214175,0.004353349806,0.0001759562307],
				[0.0535518869,0.001849733549,0.1912650992,0.5640335069,0.1133022555,5.545485506e-05,0.04368845965,0.03225360343],
				[0.06564379111,0.0477567932,0.00232773986,0.3544564114,0.1434043511,0.1413342882,0.1340872921,0.1109893329],
				[1.516336274e-05,0.02646427438,0.02744230411,0.9180709825,5.865174017e-05,4.253010096e-09,0.0003113367343,0.02763728292],
				[8.434049447e-06,3.89447308e-06,0.7136032798,0.1896447159,8.452325127e-30,0.07166844318,0.02507123269,1.871105248e-33],
				[0.6360794449,0.3438863219,2.811531381e-07,6.642254356e-13,1.034308132e-88,0.02003395207,7.486287509e-45,1.331216159e-220]
			],
			"cluster_centers": [
				[0.1327570473,-0.3029770429,-1.217255714],
				[0.7053989349,-0.3495174876,-1.312167396],
				[0.5011572536,-0.2913916083,-0.2556102379],
				[0.1381386211,-0.6923283432,-0.2426879251],
				[0.277905793,-0.629661775,0.96745475],
				[1.128010297,-0.4210017327,-0.610166],
				[-1.062767083,-1.004498333,0.05578433333],
				[-0.23989304,-1.565932,-1.6349528]
			],
			"idle_th": 0.1,
			"dir_th": 0.1,
			"hmm_type": "left to right",
			"f_sample": 20,
			"tested_ll_mean": -19.52792963
		},
		{
			"gesture": 2,
			"LL": [-2366.404474,-1762.64852,-1494.029865,-1409.439379,-1378.330562,-1363.205345,-1353.200163,-1345.026114,-1338.168476,-1332.930975,-1329.400857,-1327.249132,-1326.004712,-1325.2864,-1324.857882,-1324.59034,-1324.415872,-1324.297804],
			"prior": [1,0,0,0,0,0,0,0],
			"transmat": [
				[0.6150925124,0.3849074876,0,0,0,0,0,0],
				[0,0.3044117061,0.6955882939,0,0,0,0,0],
				[0,0,0.1769678954,0.8230321046,0,0,0,0],
				[0,0,0,0.5603724923,0.4396275077,0,0,0],
				[0,0,0,0,0.6192651804,0.3807348196,0,0],
				[0,0,0,0,0,0.4718484026,0.5281515974,0],
				[0,0,0,0,0,0,0.6628418963,0.3371581037],
				[0,0,0,0,0,0,0,1]
			],
			"obsmat": [
				[0.01202845172,0.04140900468,0.04603370663,2.272981437e-19,0.05952856138,0.02966437357,0.0180889566,0.7932469454],
				[2.121597685e-20,0.01829364053,0.1341813197,0.01086856741,0.03370121245,0.6138143171,1.065051698e-05,0.1891302923],
				[1.385458429e-05,0.2529368256,5.138448186e-21,1.786022084e-164,0.2418478713,0.2262244405,0.23136588,0.04761112798],
				[0.04134315683,0.7185193968,4.970056372e-148,7.453102016e-101,0.2401374148,2.507729384e-14,3.15668008e-08,1.200537749e-27],
				[0.3449235346,0.07830304195,9.257978097e-17,7.75147747e-18,0.5767402369,1.944698969e-147,3.318585774e-05,7.534383824e-10],
				[4.69894535e-10,3.012706822e-07,0.09931025725,0.1743161561,0.002397773474,1.408042264e-87,0.6983612837,0.02561422767],
				[9.681337871e-86,1.230655311e-62,0.8324196643,0.1656692942,3.536009657e-47,0.001907885601,2.276222694e-06,8.796800509e-07],
				[0,0.02142266865,0.0971777695,4.214026169e-14,0,0.003503228253,4.17340267e-31,0.8778963336]
			],
			"cluster_centers": [
				[-1.249326707,0.8948541098,-1.560741585],
				[-0.242150863,-0.06721383016,-1.786470899],
				[0.3610832538,-0.07455182276,-0.177444476],
				[1.140982712,0.8150420339,-0.2012280542],
				[-0.2127749234,0.7112592344,-1.606102057],
				[-0.2170838575,0.464638398,0.04996043564],
				[0.4363049744,0.8452761654,-1.246507068],
				[0.02598734641,-0.2801333239,-0.7444071106]
			],
			"idle_th": 0.1,
			"dir_th": 0.1,
			"hmm_type": "left to right",
			"f_sample": 20,
			"tested_ll_mean": -20.46584191
		},
		{
			"gesture": 3,
			"LL": [-1692.665415,-1220.097601,-1095.346609,-1053.873791,-1038.527056,-1031.150917,-1027.100198,-1024.650769,-1022.941894,-1021.572312,-1020.387564,-1019.34734,-1018.45133,-1017.701392,-1017.090027,-1016.602105,-1016.218654,-1015.919303,-1015.683888,-1015.493564,-1015.33101,-1015.178949,-1015.015807,-1014.807092,-1014.496008,-1014.029213,-1013.483867,-1013.072404,-1012.824714,-1012.630033,-1012.425961,-1012.190344,-1011.918711,-1011.626103,-1011.344479,-1011.100107,-1010.897147,-1010.727184,-1010.581983,-1010.456992,-1010.350461,-1010.261884],
			"prior": [1,0,0,0,0,0,0,0],
			"transmat": [
				[0.4340695593,0.5659304407,0,0,0,0,0,0],
				[0,0.4327807459,0.5672192541,0,0,0,0,0],
				[0,0,0.470995314,0.529004686,0,0,0,0],
				[0,0,0,0.1028517477,0.8971482523,0,0,0],
				[0,0,0,0,0.681787055,0.318212945,0,0],
				[0,0,0,0,0,0.3493596452,0.6506403548,0],
				[0,0,0,0,0,0,0.9033692673,0.09663073268],
				[0,0,0,0,0,0,0,1]
			],
			"obsmat": [
				[0.008844316638,0.008849569902,0.3940927736,0,0,1.538934936e-176,0.08680805304,0.5014052868],
				[1.111047034e-145,9.183086832e-32,0.8767324977,6.991267768e-211,1.931443632e-16,1.087063615e-166,0.1102501438,0.01301735851],
				[5.527841742e-23,0.02515802626,0.1282066157,2.007344302e-13,0.1487845282,3.331717496e-93,0.6627427578,0.03510807202],
				[0.05865067967,0.2162356069,4.623513595e-12,0.1167208875,1.185989567e-21,2.807586916e-29,0.4004761686,0.2079166573],
				[0.2081710203,0.2837115852,2.719637884e-12,0.01473723059,0,0.03601583812,1.864538579e-17,0.4573643257],
				[0.637768117,0.2310549404,0.04437459128,6.223043481e-47,0,0.0003372099656,0,0.08646514137],
				[0.6808091184,0.0002044811122,0.01032295051,0.00894831322,0,0.2997151368,0,1.111318534e-11],
				[0.008922368424,4.208616807e-44,0.1786625452,8.433849118e-16,0,0.8124150864,0,5.777949906e-134]
			],
			"cluster_centers": [
				[0.7331197129,-0.147542343,-0.1644205798],
				[0.9184469298,-0.02159619,-1.042361316],
				[-0.5870656667,0.06032265863,-1.153261048],
				[1.166820667,1.416649333,-1.048757533],
				[-0.81875,1.330581379,-1.101856552],
				[1.181603333,0.1893231258,0.4146036296],
				[-0.09600137654,0.5093064259,-1.174191235],
				[0.1371876195,-0.09792860405,-0.858978245]
			],
			"idle_th": 0.1,
			"dir_th": 0.1,
			"hmm_type": "left to right",
			"f_sample": 20,
			"tested_ll_mean": -23.10811507
		},
		{
			"gesture": 4,
			"LL": [-2158.46032,-1932.876213,-1885.757043,-1829.697326,-1779.224563,-1740.501996,-1716.260729,-1702.568288,-1695.114183,-1691.071978,-1688.889481,-1687.693266,-1687.004805,-1686.58373,-1686.313343,-1686.13434,-1686.013772],
			"prior": [1,0,0,0,0,0,0,0],
			"transmat": [
				[0.323284532,0.676715468,0,0,0,0,0,0],
				[0,0.6233638954,0.3766361046,0,0,0,0,0],
				[0,0,0.1923490726,0.8076509274,0,0,0,0],
				[0,0,0,0.6078904087,0.3921095913,0,0,0],
				[0,0,0,0,0.4253325648,0.5746674352,0,0],
				[0,0,0,0,0,0.5727287735,0.4272712265,0],
				[0,0,0,0,0,0,0.3589886776,0.6410113224],
				[0,0,0,0,0,0,0,1]
			],
			"obsmat": [
				[0.1050258342,0.03646109033,0.006799126207,0.1142228266,0.2111045118,0.5126098855,1.992392424e-38,0.01377672533],
				[0.2915004328,0.1691741114,0.01982490388,0.1079976473,0.01215342358,0.04648732517,0.01102398138,0.3418381745],
				[0.08823252839,0.03487873488,6.747228949e-26,0.6785625223,0.0002841731269,0.1132051546,0.08483604432,8.423603408e-07],
				[3.279881741e-05,8.111263184e-06,7.717552234e-140,0.02004348298,0.2335773518,0.6907109451,0.05562731004,1.366627481e-21],
				[0.1831063833,0.2868657524,3.373324906e-82,0.4868823827,7.492061868e-06,2.43256319e-05,0.04311342885,2.349871306e-07],
				[0.4526816591,0.02695949057,1.583072834e-10,0.005829133318,2.988825451e-25,3.001548327e-09,2.751377686e-09,0.5145297111],
				[0.06193154107,0.09200782611,0.08957550322,0.6391440839,3.499121811e-08,0.116366016,5.832142722e-31,0.0009749946624],
				[0.06561591776,0.01187318057,0.1116701826,0.04144204349,0.2500552815,0.3603162402,0.09207372718,0.06695342674]
			],
			"cluster_centers": [
				[0.8050126829,0.0706247078,-0.2195983451],
				[1.676903158,0.02235544842,-1.033959895],
				[-1.531426,0.5080236667,-0.4812483556],
				[0.8669618431,-0.1119568017,-0.9996746667],
				[-0.3161502766,-0.09723216788,-1.156566715],
				[-0.1195328973,-0.04778702406,-0.5886045625],
				[1.4955162,1.2053698,0.432958108],
				[0.5482048272,0.1267600979,0.4445329524]
			],
			"idle_th": 0.1,
			"dir_th": 0.1,
			"hmm_type": "left to right",
			"f_sample": 20,
			"tested_ll_mean": -26.94341662
		},
		{
			"gesture": 5,
			"LL": [-2665.844056,-2389.763717,-2196.236092,-2079.118424,-2028.180612,-2005.075124,-1993.458869,-1986.753379,-1982.57054,-1980.048748,-1978.491057,-1977.500848,-1976.90095,-1976.555529,-1976.360703],
			"prior": [1,0,0,0,0,0,0,0],
			"transmat": [
				[0.4385306221,0.5614693779,0,0,0,0,0,0],
				[0,0.4810046455,0.5189953545,0,0,0,0,0],
				[0,0,0.5356346105,0.4643653895,0,0,0,0],
				[0,0,0,0.580980878,0.419019122,0,0,0],
				[0,0,0,0,0.4071370967,0.5928629033,0,0],
				[0,0,0,0,0,0.6974919191,0.3025080809,0],
				[0,0,0,0,0,0,0.5134093353,0.4865906647],
				[0,0,0,0,0,0,0,1]
			],
			"obsmat": [
				[0.00888748219,0.2414401153,0.06553163975,0.622709476,2.554361983e-13,7.963325589e-48,1.38899005e-27,0.06143128674],
				[0.05379982347,0.5770932327,0.2232512777,0.0007782206664,0.1339536667,2.498684802e-08,0.01111754117,6.21264163e-06],
				[0.06709641866,0.002317961068,2.848073961e-09,0.1224562095,0.003493976385,0.2211980983,0.3948951646,0.1885421687],
				[0.01338433878,0.007090905664,1.251544698e-10,0.0004743274335,1.69868314e-10,0.6180186022,0.07966596485,0.2813658607],
				[0.3896379725,0.06267688233,0.03430862758,0.133917722,0.377680986,0.001110461433,0.0003299387124,0.0003374095609],
				[1.687070177e-09,0.475199634,0.3788687498,0.007172189975,0.1387594245,1.862664698e-26,2.67122081e-34,2.716973941e-23],
				[0.01998939371,0.1035450278,0.03150705391,2.965504454e-07,0.8449581609,8.489462987e-13,1.983753642e-11,6.713685946e-08],
				[0.2914926173,5.829429458e-20,3.01164877e-20,0.1913119966,0.01252920748,0.06266911895,0.1550288633,0.2869681964]
			],
			"cluster_centers": [
				[0.4136666645,0.6817786802,-1.14019335],
				[-0.9533245993,0.170807788,-1.144376732],
				[-1.550088794,-0.03110244248,-1.46250922],
				[-0.09498155049,-0.1555767723,-0.8802861505],
				[-0.4661135926,0.6536260288,-1.38649107],
				[1.161419538,0.2861495786,-0.4003400561],
				[1.506131852,0.1594340822,-1.107320667],
				[0.7852846,0.0639117835,-0.988916]
			],
			"idle_th": 0.1,
			"dir_th": 0.1,
			"hmm_type": "left to right",
			"f_sample": 20,
			"tested_ll_mean": -30.83480935
		}
	]
}
